iterations, matrix_dim, etime, flops, cores
3544, 4096, 18.021559, 16496478885.095346, 9984
3544, 4096, 17.997694, 16518353269.035467, 9984
3544, 4096, 17.989889, 16525519836.170195, 9984
3544, 4096, 18.010534, 16506577068.730999, 9984
3544, 4096, 17.968145, 16545518055.425310, 9984
3544, 4096, 17.888945, 16618770280.751604, 9984
3544, 4096, 17.976764, 16537585269.517918, 9984
3544, 4096, 17.986115, 16528987361.639797, 9984
3544, 4096, 17.954400, 16558184485.140133, 9984
3544, 4096, 18.020146, 16497772410.944950, 9984
3544, 4096, 17.920048, 16589925848.412905, 9984
3544, 4096, 18.068202, 16453893282.795931, 9984
3544, 4096, 18.015434, 16502087461.229078, 9984
3544, 4096, 18.050217, 16470287726.734808, 9984
3544, 4096, 17.924134, 16586143995.576021, 9984
3544, 4096, 18.020963, 16497024466.450546, 9984
3544, 4096, 18.067680, 16454368658.289278, 9984
3544, 4096, 17.950940, 16561376034.904022, 9984
3544, 4096, 17.955614, 16557064966.979130, 9984
3544, 4096, 18.060603, 16460816259.567856, 9984
3544, 4096, 18.028612, 16490025273.160242, 9984
3544, 4096, 18.026987, 16491511727.389608, 9984
3544, 4096, 18.097761, 16427019205.303905, 9984
3544, 4096, 18.001910, 16514484714.122004, 9984
3544, 4096, 17.978065, 16536388511.221869, 9984
3544, 4096, 17.928908, 16581727538.565092, 9984
3544, 4096, 17.941847, 16569769406.683716, 9984
3544, 4096, 17.936007, 16575164556.971905, 9984
3544, 4096, 18.039598, 16479982953.056934, 9984
3544, 4096, 18.024989, 16493339747.391800, 9984
3544, 4096, 17.976431, 16537891615.972046, 9984
3544, 4096, 18.016995, 16500657713.453323, 9984
3544, 4096, 18.024765, 16493544715.839569, 9984
3544, 4096, 18.077947, 16445023736.378914, 9984
3544, 4096, 17.978461, 16536024274.825304, 9984
3544, 4096, 18.064768, 16457021065.534857, 9984
3544, 4096, 18.050066, 16470425510.909489, 9984
3544, 4096, 17.913953, 16595570364.620249, 9984
3544, 4096, 17.998818, 16517321721.904182, 9984
3573, 8192, 67.345884, 17802125150.810997, 9984
3573, 8192, 67.410067, 17785175252.236435, 9984
3573, 8192, 67.450373, 17774547449.278004, 9984
3544, 4096, 16.510927, 18005788985.682030, 9984
3544, 4096, 16.499556, 18018198036.359283, 9984
3544, 4096, 16.531571, 17983304038.073574, 9984
3544, 4096, 16.530808, 17984134079.834454, 9984
3544, 4096, 16.533693, 17980995989.220314, 9984
3544, 4096, 16.496416, 18021627699.010502, 9984
3544, 4096, 16.478785, 18040909418.989326, 9984
3544, 4096, 16.516724, 17999469357.240578, 9984
3573, 8192, 67.479640, 17766838343.535915, 9984
3573, 8192, 67.497071, 17762250088.748295, 9984
3573, 8192, 67.374415, 17794586496.372547, 9984
3573, 8192, 67.439478, 17777418967.566742, 9984
3573, 8192, 67.398441, 17788243133.991776, 9984
3573, 8192, 67.473207, 17768532261.405628, 9984
3573, 8192, 67.360164, 17798351194.038067, 9984
3573, 8192, 67.382723, 17792392500.374317, 9984
3573, 8192, 67.524060, 17755150613.870075, 9984
3573, 8192, 67.474908, 17768084327.880817, 9984
3573, 8192, 67.457923, 17772558093.139038, 9984
3573, 8192, 67.459183, 17772226137.989250, 9984
3573, 8192, 67.463926, 17770976675.149323, 9984
3573, 8192, 67.507922, 17759395043.443939, 9984
3573, 8192, 67.418198, 17783030263.727901, 9984
3573, 8192, 67.490038, 17764101056.810783, 9984
3573, 8192, 67.470299, 17769298093.076481, 9984
3573, 8192, 67.370851, 17795527851.652042, 9984
3573, 8192, 67.372207, 17795169681.171345, 9984
3573, 8192, 67.381322, 17792762441.793587, 9984
3573, 8192, 67.393671, 17789502153.102776, 9984
3573, 8192, 67.406110, 17786219310.979378, 9984
3573, 8192, 67.392912, 17789702504.025944, 9984
3573, 8192, 67.467221, 17770108766.744671, 9984
3573, 8192, 67.493458, 17763200921.784153, 9984
3573, 8192, 67.392585, 17789788822.613052, 9984
3573, 8192, 67.357665, 17799011520.960533, 9984
3573, 8192, 67.482740, 17766022176.337238, 9984
3573, 8192, 67.498696, 17761822470.762993, 9984
3573, 8192, 67.362791, 17797657097.669838, 9984
3573, 8192, 67.606742, 17733436339.233742, 9984
3573, 8192, 67.465211, 17770638193.957478, 9984
3573, 8192, 67.589927, 17737848057.743870, 9984
3573, 8192, 67.348514, 17801429967.111080, 9984
3573, 8192, 67.502061, 17760937038.055771, 9984
3573, 8192, 67.356924, 17799207329.598362, 9984
3573, 8192, 67.517405, 17756900688.940876, 9984
3573, 8192, 67.361123, 17798097804.277992, 9984
3573, 8192, 67.603427, 17734305915.586205, 9984
3573, 8192, 67.508682, 17759195111.526546, 9984
3573, 8192, 67.471929, 17768868818.912823, 9984
3573, 8192, 67.372497, 17795093083.161221, 9984
3573, 8192, 67.495628, 17762629830.779560, 9984
3573, 8192, 67.552934, 17747561569.420509, 9984
3573, 8192, 67.605904, 17733656151.687580, 9984
3573, 8192, 67.448827, 17774954861.112709, 9984
3573, 8192, 67.533069, 17752782053.485531, 9984
3573, 8192, 67.406618, 17786085267.770000, 9984
3573, 8192, 67.498391, 17761902729.799885, 9984
3573, 8192, 67.521038, 17755945270.865059, 9984
3573, 8192, 67.624350, 17728818914.488640, 9984
3573, 8192, 67.469014, 17769636523.219383, 9984
3573, 8192, 67.485791, 17765218983.059708, 9984
3573, 8192, 67.480534, 17766602963.752480, 9984
3573, 8192, 67.689585, 17711732984.623856, 9984
3573, 8192, 67.387957, 17791010571.221207, 9984
3573, 8192, 67.498914, 17761765105.731922, 9984
3573, 8192, 67.507380, 17759537629.219208, 9984
3573, 8192, 67.653079, 17721290340.089325, 9984
3573, 8192, 67.362370, 17797768329.113125, 9984
3573, 8192, 67.499391, 17761639588.126060, 9984
3573, 8192, 67.370329, 17795665735.282368, 9984
3573, 8192, 67.523695, 17755246589.512020, 9984
3573, 8192, 67.356240, 17799388079.857189, 9984
3573, 8192, 67.542143, 17750397042.628632, 9984
3573, 8192, 67.460686, 17771830179.135742, 9984
3573, 8192, 67.589909, 17737852781.544651, 9984
3573, 8192, 67.390200, 17790418419.295387, 9984
3573, 8192, 67.509102, 17759084624.766598, 9984
3573, 8192, 67.413794, 17784191991.330441, 9984
3573, 8192, 67.584313, 17739321480.711063, 9984
3573, 8192, 67.406834, 17786028273.631721, 9984
3573, 8192, 67.643241, 17723867715.918579, 9984
3573, 8192, 67.500799, 17761269097.866531, 9984
3573, 8192, 67.509981, 17758853396.211147, 9984
3573, 8192, 67.481095, 17766455262.173798, 9984
3573, 8192, 67.494063, 17763041696.867474, 9984
3573, 8192, 67.479524, 17766868885.441456, 9984
3573, 8192, 67.503318, 17760606306.196686, 9984
3573, 8192, 67.616155, 17730967626.893307, 9984
3573, 8192, 67.493179, 17763274350.434731, 9984
3573, 8192, 67.581369, 17740094246.389122, 9984
3573, 8192, 67.583137, 17739630158.925594, 9984
3573, 8192, 67.502316, 17760869943.484608, 9984
3573, 8192, 67.620552, 17729814677.644157, 9984
3573, 8192, 67.609647, 17732674382.399899, 9984
3573, 8192, 67.488295, 17764559844.933113, 9984
3573, 8192, 67.615368, 17731174004.111015, 9984
3573, 8192, 67.516980, 17757012463.531395, 9984
3573, 8192, 67.630142, 17727300577.899124, 9984
3573, 8192, 67.481428, 17766367590.205711, 9984
3573, 8192, 67.468346, 17769812459.312401, 9984
3573, 8192, 67.621923, 17729455214.694206, 9984
3573, 8192, 67.599610, 17735307280.027206, 9984
3573, 8192, 67.501694, 17761033602.504848, 9984
3573, 8192, 67.572113, 17742524277.137817, 9984
3573, 8192, 67.596124, 17736221907.634823, 9984
3573, 8192, 67.607078, 17733348205.937847, 9984
3573, 8192, 67.498385, 17761904308.673458, 9984
3573, 8192, 67.482736, 17766023229.407887, 9984
3588, 16384, 272.735719, 17657137460.018574, 9984
3588, 16384, 272.768329, 17655026513.873611, 9984
3588, 16384, 273.128973, 17631714525.723351, 9984
3588, 16384, 273.021356, 17638664429.752518, 9984
3588, 16384, 272.888686, 17647239800.333824, 9984
3588, 16384, 272.972952, 17641792145.911949, 9984
3588, 16384, 273.014850, 17639084762.751915, 9984
3588, 16384, 273.045994, 17637072824.587933, 9984
3588, 16384, 272.935091, 17644239379.391491, 9984
3588, 16384, 272.919767, 17645230074.668797, 9984
3588, 16384, 272.804414, 17652691208.434772, 9984
3588, 16384, 272.879588, 17647828171.889500, 9984
3588, 16384, 272.843623, 17650154427.981628, 9984
3588, 16384, 272.809868, 17652338296.795040, 9984
3588, 16384, 273.056257, 17636409923.541870, 9984
3588, 16384, 272.832485, 17650874970.551983, 9984
3588, 16384, 272.827836, 17651175742.346172, 9984
3588, 16384, 272.867036, 17648639979.510021, 9984
3588, 16384, 273.273956, 17622360180.711842, 9984
3588, 16384, 273.085475, 17634522966.261757, 9984
3588, 16384, 272.898123, 17646629546.953682, 9984
3588, 16384, 273.120675, 17632250215.550323, 9984
3588, 16384, 272.955416, 17642925541.510410, 9984
3588, 16384, 272.832014, 17650905441.910492, 9984
3588, 16384, 272.931588, 17644465838.230495, 9984
3588, 16384, 273.131385, 17631558821.553955, 9984
3588, 16384, 272.731908, 17657384190.778294, 9984
3588, 16384, 272.796261, 17653218790.414433, 9984
3588, 16384, 273.146981, 17630552104.253353, 9984
3588, 16384, 272.821551, 17651582373.124184, 9984
3588, 16384, 272.968648, 17642070310.726677, 9984
3588, 16384, 272.803988, 17652718774.184490, 9984
3588, 16384, 272.865063, 17648767591.181137, 9984
3588, 16384, 272.942299, 17643773421.282715, 9984
3588, 16384, 272.819869, 17651691199.367889, 9984
3588, 16384, 273.011842, 17639279107.314327, 9984
3588, 16384, 272.777995, 17654400900.776474, 9984
3588, 16384, 273.271550, 17622515335.533466, 9984
3588, 16384, 272.812188, 17652188180.976723, 9984
3588, 16384, 272.806016, 17652587546.456455, 9984
3588, 16384, 272.844703, 17650084563.452202, 9984
3588, 16384, 272.791892, 17653501522.105354, 9984
3588, 16384, 273.041302, 17637375903.811066, 9984
3588, 16384, 273.039914, 17637465563.514645, 9984
3588, 16384, 272.723377, 17657936527.531338, 9984
3588, 16384, 272.807185, 17652511903.746231, 9984
3588, 16384, 272.820541, 17651647720.469845, 9984
3588, 16384, 272.831714, 17650924850.473946, 9984
3588, 16384, 273.116317, 17632531565.809013, 9984
3588, 16384, 272.751186, 17656136170.348309, 9984
3488, 2048, 4.534244, 16132493478.515932, 9984
3488, 2048, 4.546735, 16088173548.711329, 9984
3488, 2048, 4.562064, 16034115645.900627, 9984
3488, 2048, 4.561292, 16036829424.645473, 9984
3488, 2048, 4.560821, 16038485562.138922, 9984
3488, 2048, 4.542440, 16103385352.365688, 9984
3488, 2048, 4.590596, 15934458567.035742, 9984
3488, 2048, 4.566940, 16016996448.387762, 9984
3488, 2048, 4.565633, 16021581620.774162, 9984
3488, 2048, 4.557616, 16049764122.295515, 9984
3488, 2048, 4.558107, 16048035239.190306, 9984
3488, 2048, 4.586691, 15948024787.368498, 9984
3488, 2048, 4.558573, 16046394729.227764, 9984
3488, 2048, 4.570914, 16003071105.691334, 9984
3488, 2048, 4.553870, 16062966610.816734, 9984
3488, 2048, 4.544051, 16097676227.665581, 9984
3488, 2048, 4.509858, 16219726155.457664, 9984
3488, 2048, 4.533464, 16135269136.360186, 9984
3488, 2048, 4.555677, 16056595267.838346, 9984
3488, 2048, 4.545194, 16093628073.961199, 9984
3488, 2048, 4.547460, 16085608616.678322, 9984
3488, 2048, 4.561273, 16036896226.119331, 9984
3488, 2048, 4.557346, 16050714990.698534, 9984
3488, 2048, 4.536828, 16123305040.437944, 9984
3488, 2048, 4.559550, 16042956379.467274, 9984
3488, 2048, 4.547332, 16086061400.399179, 9984
3488, 2048, 4.583236, 15960046953.724398, 9984
3488, 2048, 4.537763, 16119982854.988239, 9984
3488, 2048, 4.536703, 16123749286.651562, 9984
3488, 2048, 4.546052, 16090590639.966284, 9984
3488, 2048, 4.521009, 16179720447.360312, 9984
3488, 2048, 4.514973, 16201350874.080530, 9984
3488, 2048, 4.542771, 16102212011.127129, 9984
3488, 2048, 4.554605, 16060374447.399940, 9984
3488, 2048, 4.558465, 16046774903.394016, 9984
3488, 2048, 4.556281, 16054466737.235916, 9984
3488, 2048, 4.571973, 15999364335.703646, 9984
3488, 2048, 4.552014, 16069515990.065058, 9984
3488, 2048, 4.555785, 16056214628.214457, 9984
3488, 2048, 4.566469, 16018648491.865379, 9984
3488, 2048, 4.538536, 16117237311.767496, 9984
3488, 2048, 4.501155, 16251087056.544376, 9984
3488, 2048, 4.531524, 16142176839.403255, 9984
3488, 2048, 4.552479, 16067874615.127275, 9984
3488, 2048, 4.548238, 16082857088.833084, 9984
3488, 2048, 4.567865, 16013752980.878374, 9984
3488, 2048, 4.537103, 16122327784.932367, 9984
3488, 2048, 4.539462, 16113949573.760061, 9984
3488, 2048, 4.552152, 16069028837.349897, 9984
3488, 2048, 4.525171, 16164839242.539122, 9984


